3.75837397202e+02 7.74263682681e-05 1.48885604321e+00 2.67783249509e+00
4.04841904648e+02 7.74263682681e-05 2.16720805163e+00 5.27420360773e+00
3.90339650925e+02 2.15443469003e-06 4.14247832428e+00 4.52846342803e+00
4.09675989222e+02 5.99484250319e-08 6.95506635596e-01 6.04314579082e+00
3.75837397202e+02 0.00000000000e+00 2.20366303218e+00 1.79626205496e+00
3.85505566351e+02 0.00000000000e+00 1.16997599626e+00 1.58852847613e+00
4.19344158370e+02 7.74263682681e-05 1.08035642492e+00 1.75883237360e+00
3.95173735499e+02 1.29154966501e-05 1.05412936503e+00 2.65656118051e+00
3.75837397202e+02 5.99484250319e-08 1.35819192913e+00 3.07405109678e+00
4.00007820073e+02 4.64158883361e-04 4.19914033916e+00 4.39083101194e+00
4.14510073796e+02 5.99484250319e-08 4.14470188246e+00 4.18418825350e+00
4.04841904648e+02 1.66810053720e-02 4.53364806936e+00 3.98684009717e+00
3.75837397202e+02 3.59381366380e-07 2.83307773025e-02 5.60129191389e+00
3.85505566351e+02 5.99484250319e-08 2.48935362775e+00 8.82846054415e-01
4.14510073796e+02 1.66810053720e-02 5.38681381966e-01 4.83495790427e+00
3.80671481776e+02 0.00000000000e+00 1.67826960604e+00 2.37836903916e+00
3.75837397202e+02 1.00000000000e-01 3.55612758466e+00 4.40199744762e+00
3.95173735499e+02 3.59381366380e-07 4.12318972161e+00 5.35580689912e+00
4.09675989222e+02 7.74263682681e-05 4.45927091364e+00 1.29958853512e+00
4.00007820073e+02 1.00000000000e-01 5.93463990341e+00 4.65211079354e+00
4.00007820073e+02 1.66810053720e-02 2.47895583350e+00 4.27815660358e+00
4.00007820073e+02 1.29154966501e-05 4.69421057923e+00 2.21475307366e+00
4.00007820073e+02 0.00000000000e+00 1.32341109296e+00 3.28384675923e+00
4.14510073796e+02 2.15443469003e-06 1.92885202060e+00 5.79535159477e+00
4.19344158370e+02 1.00000000000e-01 4.89100706616e+00 3.48732533747e+00
3.90339650925e+02 0.00000000000e+00 8.37037762879e-01 4.84907175881e+00
3.85505566351e+02 1.66810053720e-02 2.09956052730e+00 3.40742268186e-02
4.09675989222e+02 0.00000000000e+00 8.82542790352e-01 1.77325444192e+00
4.19344158370e+02 3.59381366380e-07 1.76673682804e+00 5.22503459763e+00
3.95173735499e+02 0.00000000000e+00 2.71398995474e+00 1.23195981775e+00
3.85505566351e+02 3.59381366380e-07 1.16450960943e+00 2.80469080895e+00
3.75837397202e+02 2.78255940221e-03 1.20114473944e+00 4.59459179255e+00
4.04841904648e+02 0.00000000000e+00 1.69150494798e-01 8.62702660160e-01
4.04841904648e+02 4.64158883361e-04 2.56731715591e+00 4.45400402129e+00
4.04841904648e+02 1.29154966501e-05 2.54251606302e+00 3.57152196024e+00
4.04841904648e+02 5.99484250319e-08 4.10900390637e+00 1.65834864286e+00
3.80671481776e+02 5.99484250319e-08 2.54143987104e+00 5.29729899361e+00
3.95173735499e+02 7.74263682681e-05 2.04188892586e+00 1.84749886216e-01
3.85505566351e+02 2.15443469003e-06 5.82079200705e+00 5.50874300573e+00
4.19344158370e+02 2.15443469003e-06 4.79990470808e+00 5.98905562024e+00
4.00007820073e+02 7.74263682681e-05 2.37795356569e+00 2.79212835489e+00
3.90339650925e+02 3.59381366380e-07 3.82164122908e+00 1.17300757500e+00
4.14510073796e+02 1.29154966501e-05 5.13208237685e+00 2.51294577946e+00
3.85505566351e+02 1.00000000000e-01 2.13924902641e+00 1.02934746048e+00
4.09675989222e+02 1.00000000000e-01 3.51039668712e+00 3.07356821846e+00
4.14510073796e+02 4.64158883361e-04 3.18937853502e+00 1.98924192833e+00
3.85505566351e+02 4.64158883361e-04 2.63988487748e+00 3.85253556599e+00
4.19344158370e+02 5.99484250319e-08 3.39287360471e+00 5.80404417697e-01
3.80671481776e+02 3.59381366380e-07 4.84370674203e+00 4.94123842443e+00
4.04841904648e+02 3.59381366380e-07 5.69101739287e+00 7.47402926931e-01
4.19344158370e+02 1.29154966501e-05 4.26876965491e+00 2.54773695956e+00
4.04841904648e+02 1.00000000000e-01 5.45103600948e+00 5.73242494383e+00
4.09675989222e+02 1.29154966501e-05 1.47842588114e-01 1.11600783803e+00
4.04841904648e+02 2.78255940221e-03 3.45811241633e+00 2.24428166550e+00
3.80671481776e+02 2.15443469003e-06 3.31460388361e+00 1.38770917166e-01
3.80671481776e+02 2.78255940221e-03 1.47839325237e-01 8.79963118963e-02
3.80671481776e+02 4.64158883361e-04 6.14656616927e+00 3.14182422645e+00
4.14510073796e+02 3.59381366380e-07 4.48089562988e+00 5.80840965446e+00
3.80671481776e+02 1.29154966501e-05 2.72458687216e+00 2.97741329327e+00
3.90339650925e+02 5.99484250319e-08 2.40851569932e+00 5.54400816933e+00
4.09675989222e+02 4.64158883361e-04 3.56560744897e+00 1.41540177637e-01
3.75837397202e+02 1.66810053720e-02 3.17936797715e+00 6.15692358354e+00
4.14510073796e+02 1.00000000000e-01 4.79656897720e+00 5.75097723275e+00
3.95173735499e+02 4.64158883361e-04 4.97459936036e+00 3.10951462616e+00
3.85505566351e+02 1.29154966501e-05 1.77993382732e+00 1.13833277286e+00
3.90339650925e+02 1.66810053720e-02 1.83421579326e+00 2.54176464236e+00
3.90339650925e+02 4.64158883361e-04 4.71731971874e+00 2.67298485791e+00
3.85505566351e+02 2.78255940221e-03 2.86360934798e+00 8.77692373820e-02
4.00007820073e+02 5.99484250319e-08 5.83701227315e-02 2.24667662128e+00
3.75837397202e+02 1.29154966501e-05 5.42047652763e+00 3.45204248799e+00
4.04841904648e+02 2.15443469003e-06 6.11684358794e+00 5.49674585693e+00
4.14510073796e+02 0.00000000000e+00 5.98067927014e+00 1.82052985683e+00
4.00007820073e+02 3.59381366380e-07 1.36336583730e+00 3.24865747880e+00
3.80671481776e+02 1.66810053720e-02 1.50522737579e+00 4.14264683547e+00
4.09675989222e+02 1.66810053720e-02 2.77727109643e+00 1.62639360425e+00
3.80671481776e+02 7.74263682681e-05 3.76600338842e+00 4.53067722992e+00
4.00007820073e+02 2.15443469003e-06 5.68096721637e+00 3.29645349182e+00
4.09675989222e+02 2.15443469003e-06 1.69898521694e+00 3.98147373131e+00
4.19344158370e+02 4.64158883361e-04 2.38810481565e+00 5.93559084163e+00
3.95173735499e+02 2.15443469003e-06 5.40396497642e+00 2.28533331383e+00
3.90339650925e+02 1.29154966501e-05 3.73587124296e+00 7.97624962847e-01
3.95173735499e+02 2.78255940221e-03 6.04186368315e+00 5.25413890767e+00
3.85505566351e+02 7.74263682681e-05 1.62101485551e+00 4.38476595665e+00
3.75837397202e+02 4.64158883361e-04 3.60878802672e+00 2.61675463392e+00
4.14510073796e+02 2.78255940221e-03 5.01698118337e+00 5.39772138612e+00
3.75837397202e+02 2.15443469003e-06 1.54510576730e+00 4.60379707127e+00
3.95173735499e+02 1.66810053720e-02 7.50772267842e-01 3.79231866284e+00
4.19344158370e+02 1.66810053720e-02 5.74590684557e+00 1.15856264238e+00
3.90339650925e+02 7.74263682681e-05 4.41233036708e+00 2.71885065293e+00
4.19344158370e+02 0.00000000000e+00 3.21592713899e-01 4.83408681642e+00
4.19344158370e+02 2.78255940221e-03 3.36696240517e+00 1.02845948433e+00
3.80671481776e+02 1.00000000000e-01 3.74033368541e+00 3.50008327959e+00
3.90339650925e+02 2.78255940221e-03 4.71964947182e+00 3.32896303790e+00
3.95173735499e+02 1.00000000000e-01 1.93448850043e+00 2.06406652445e+00
3.95173735499e+02 5.99484250319e-08 3.46812149432e+00 1.51434497823e+00
4.09675989222e+02 3.59381366380e-07 4.34777942361e-01 5.28897315961e+00
3.90339650925e+02 1.00000000000e-01 1.72351531481e+00 4.01274315827e+00
4.00007820073e+02 2.78255940221e-03 2.25480387619e+00 2.90922556279e+00
4.14510073796e+02 7.74263682681e-05 4.60616264445e-01 2.40714925394e+00
4.09675989222e+02 2.78255940221e-03 4.68791797993e-01 1.67874620360e+00
