3.75837397202e+02 7.74263682681e-05 1.48885604321e+00 2.67783249509e+00
4.04841904648e+02 7.74263682681e-05 2.16720805163e+00 5.27420360773e+00
3.90339650925e+02 2.15443469003e-06 4.14247832428e+00 4.52846342803e+00
4.09675989222e+02 5.99484250319e-08 6.95506635596e-01 6.04314579082e+00
3.75837397202e+02 0.00000000000e+00 2.20366303218e+00 1.79626205496e+00
3.85505566351e+02 0.00000000000e+00 1.16997599626e+00 1.58852847613e+00
4.19344158370e+02 7.74263682681e-05 1.08035642492e+00 1.75883237360e+00
3.95173735499e+02 1.29154966501e-05 1.05412936503e+00 2.65656118051e+00
3.75837397202e+02 5.99484250319e-08 1.35819192913e+00 3.07405109678e+00
4.00007820073e+02 4.64158883361e-04 4.19914033916e+00 4.39083101194e+00
